23.1704
